% Система уравнений Юла-Уокера для модели АР(3):
function f = AR3(x)
  R0 = 480.2416534154067;
  R1 = 194.8616812096158;
  R2 = -150.93877797958476;
  R3 = -274.6778639330756;
  f(1) = -R0 + R1 * x(2) + R2 * x(3) + R3 * x(4) + x(1)*x(1);
  f(2) = -R1 + R0 * x(2) + R1 * x(3) + R2 * x(4);
  f(3) = -R2 + R1 * x(2) + R0 * x(3) + R1 * x(4);
  f(4) = -R3 + R2 * x(2) + R1 * x(3) + R0 * x(4);
end

